	S14	S71	S13	S79	S20	S91	S78	S26	S53	S8	S84	S28	S76	S31	S69	S94	S75	S77	S57	S11	S96	S47	S68	S40	S97	S80	S37	S58	S98	S63	S36	S45	S2	S15	S88	S32	S21	S55	S70	S19	S23	S17	S51	S56	S10	S9	S64	S44	S41	S48	S87	S7	S92	S29	S38	S59
S14	0	0.661068850895709	0.572283704303504	0.614733630153643	0.592777319992653	0.585964112137169	0.596043307721363	0.580813611061805	0.591558241853638	0.568842753923235	0.661786648148585	0.60623244899315	0.628453773267802	0.592489846555157	0.611572032601607	0.623696748626027	0.605009144659773	0.654969013757194	0.635459743014162	0.575857116685138	0.623600618665634	0.615900420409362	0.607753078512313	0.609292310591842	0.648332656412468	0.627492767958821	0.650567293688044	0.602893883122044	0.611518834687797	0.621851221476137	0.607667019862303	0.60078546810723	0.606119937888362	0.587330703870943	0.636326784632401	0.603015099126689	0.633511850768372	0.591303679274333	0.589712836823846	0.600193058641769	0.585416205943019	0.592865702556395	0.613497533770218	0.586952668378225	0.588815564097693	0.577671766513009	0.585980986097198	0.600788844562579	0.615633571737695	0.618254222958964	0.600381172963411	0.609113356492778	0.622690162904513	0.58620104097341	0.602970437863136	0.613160692000041
S71	0.661068850895709	0	0.680370962974459	0.623682007594827	0.654354682945784	0.650232079363983	0.632334216059925	0.665357555042058	0.665326242234604	0.667582608021431	0.581360960295844	0.614868498876071	0.590930641763243	0.670611622461151	0.625939353520682	0.649907545470276	0.642655042791732	0.571219290659668	0.622379635525895	0.634502174117054	0.699914940631092	0.626634251755808	0.633314801405843	0.62901817196282	0.593481962220928	0.624238389221747	0.58174964585997	0.631658792718454	0.654026526313737	0.643269055890326	0.642374685760581	0.641506685807869	0.672697859952419	0.64609724074169	0.5967205830842	0.656540096143084	0.625033436851734	0.65644917148795	0.635102690746176	0.644928379196621	0.630329183500316	0.63828042543736	0.654114110382618	0.655349643630422	0.62521434021966	0.645734065439527	0.667142767237629	0.64699286342748	0.632723137980716	0.640613601819436	0.627889715966189	0.662453430274199	0.640245272746918	0.673518811714244	0.647296949372686	0.639152183073452
S13	0.572283704303504	0.680370962974459	0	0.621609434079173	0.59111364589323	0.584778940955645	0.606188602498219	0.56887278175356	0.573321522134293	0.56440453502816	0.673387900916952	0.62690871660905	0.629061298250513	0.586757366157341	0.625950496844194	0.615254558603759	0.599656730680524	0.675378441849087	0.646987424232116	0.587662452557826	0.596033855576161	0.633819439876371	0.629487165826993	0.61902627106963	0.652470580450632	0.64385675737407	0.674093896912183	0.610488102031922	0.607245808626177	0.625008490280984	0.611860227973905	0.604247514389237	0.60328776413369	0.598881679102172	0.648341266909179	0.60445661774939	0.63122054765338	0.586257874654856	0.60091477852706	0.612087435711192	0.580142439776284	0.602697205873937	0.607976913952702	0.582363113127097	0.594578905163161	0.580728510261986	0.569912301225367	0.594140652928763	0.621766447499252	0.633561056624651	0.594538936422824	0.601503135905415	0.61197964327362	0.595262713383642	0.615595999950378	0.617511994371611
S79	0.614733630153643	0.623682007594827	0.621609434079173	0	0.622051368213432	0.596957808581437	0.576625348862433	0.606819535931228	0.626017481817286	0.627590635165847	0.615870313404154	0.593854170714434	0.583612790514068	0.597081969487361	0.589119480079953	0.59931857527627	0.579571833132391	0.612127150928686	0.60564868195762	0.604345721518515	0.641363910715614	0.600798699788816	0.59819757796107	0.594598801456107	0.604983403861842	0.586296798754112	0.60734135995305	0.593828928664903	0.616617164422071	0.598906857561171	0.582364371719212	0.587836401841672	0.633573845413485	0.598793414878142	0.62780562506327	0.594498222673799	0.645641038746336	0.621119253397904	0.59049478672089	0.605949487557198	0.594548617242657	0.617673613091023	0.648903253859912	0.610346421326542	0.61713063026176	0.604379875196057	0.617670434015269	0.60404818945994	0.580984681701271	0.603333239113685	0.593641490934737	0.62909563838884	0.618193293306216	0.605197204904597	0.589950103048053	0.593843725634892
S20	0.592777319992653	0.654354682945784	0.59111364589323	0.622051368213432	0	0.597278588378956	0.623506947201642	0.589929617944582	0.588532347881856	0.60121554210745	0.667375019722152	0.636386952320579	0.629673923291525	0.614001335889558	0.624849617034555	0.594107677664943	0.620699945295464	0.660783268426663	0.636019816114889	0.601449363925846	0.608263823356316	0.626123292702026	0.612385727654839	0.620691451671075	0.635661769945824	0.645809450465808	0.667633160242157	0.600238558174888	0.596207630826635	0.626785368313143	0.604431226307912	0.594128265614437	0.610535339487472	0.60455365830854	0.645697063915971	0.591709253046564	0.593611421071269	0.591779295660335	0.59485945114595	0.600122816099326	0.59395707443604	0.586096578184213	0.603513659778536	0.581083989102041	0.599967806718877	0.592555029377849	0.580879388487763	0.589032623996618	0.626339920341969	0.627663586517058	0.591606651861832	0.609372834129327	0.588605511007374	0.598537466628169	0.610857393621333	0.609174439589088
S91	0.585964112137169	0.650232079363983	0.584778940955645	0.596957808581437	0.597278588378956	0	0.594369528618868	0.578482250159142	0.586071099803006	0.579977705418677	0.649493599726289	0.621790001994109	0.61376897132136	0.597589390113718	0.618238881790851	0.602432874837224	0.596048391959221	0.654174143473015	0.631491239447748	0.607022095586439	0.609080426066102	0.618930283794568	0.629719009853832	0.602228857548449	0.615051317574456	0.638735145059293	0.637230737447875	0.607123518492569	0.587758776856699	0.614584885733465	0.597958494512853	0.587890041631415	0.614941596342207	0.601595380476353	0.611172965517396	0.601758621908641	0.639525520151483	0.581765733741354	0.598046849102209	0.62155001264383	0.588908396341239	0.614968944039615	0.616246086262125	0.587270043059037	0.595024382872529	0.591345969443104	0.590695996051802	0.581754080621216	0.603668336748629	0.619073188155627	0.561659893811509	0.62023088970592	0.59438680950135	0.598814664605179	0.594242063789397	0.62361973099475
S78	0.596043307721363	0.632334216059925	0.606188602498219	0.576625348862433	0.623506947201642	0.594369528618868	0	0.605592222306752	0.620506372878325	0.607529900194711	0.628465372382818	0.611883584382272	0.591632900703023	0.592501341733953	0.578940343374202	0.622810429989011	0.580765687185676	0.612484805979803	0.634815773979234	0.605920298848583	0.639790344915603	0.597137090884942	0.609225773147788	0.607755394216935	0.624546164590919	0.616803427274058	0.625530787490012	0.611311360477201	0.619738228655468	0.615892446763753	0.608691507561206	0.590814988472628	0.623469147302768	0.613872363812065	0.621013510088434	0.610156008228422	0.638788464070571	0.616627193743611	0.589981793728256	0.625740078621995	0.60640978652204	0.618091863154596	0.643923642750989	0.620072867878486	0.615064979117641	0.604732596607448	0.596679191582054	0.595434694227889	0.612435214966336	0.601457947178883	0.59898148329112	0.618475583192059	0.617134171665082	0.590377128534733	0.615765590531523	0.617760434099355
S26	0.580813611061805	0.665357555042058	0.56887278175356	0.606819535931228	0.589929617944582	0.578482250159142	0.605592222306752	0	0.594908344474795	0.585263941435055	0.672189694677736	0.617655041768402	0.62539467259558	0.583267046293203	0.627592209454705	0.605316829062231	0.591624708450683	0.668143461333804	0.63314570019998	0.587015558371571	0.603474422743955	0.623471217515149	0.617317164801247	0.606749508924083	0.640678318513896	0.631142109673423	0.663755191818444	0.601218520910323	0.602986608036748	0.617024427552215	0.607904820527118	0.597729626492016	0.604510599873395	0.607359775573372	0.651501307579049	0.590529731867764	0.637302917023407	0.591964888619942	0.60242471949279	0.591026940763548	0.577249871699276	0.598345864114367	0.607086463649141	0.583641421053448	0.596695734369858	0.572054174874689	0.58813103280948	0.594294931022919	0.61246638993638	0.625690392168085	0.595320077309715	0.606323444692492	0.604398021754416	0.59375500664007	0.608520521596851	0.597588268679228
S53	0.591558241853638	0.665326242234604	0.573321522134293	0.626017481817286	0.588532347881856	0.586071099803006	0.620506372878325	0.594908344474795	0	0.578137816491067	0.675506403330054	0.637089122516777	0.638822245327746	0.617059926171204	0.641025428409694	0.617257488280323	0.630765000758408	0.672669996445241	0.646612921909631	0.610553619974475	0.585149685356021	0.643062386940009	0.643090762425213	0.634450173581999	0.643180781210391	0.663318620717306	0.662656279931929	0.618678870875973	0.601555468159684	0.651018475437739	0.62224726753779	0.611752245296357	0.607131946917011	0.605993011305976	0.627828771357771	0.606304544337269	0.613976045704311	0.557754096210667	0.609421944062577	0.628964948837672	0.594137488846814	0.613604764380193	0.578680499171297	0.566590726932211	0.603414391733409	0.591456456192668	0.579732564810236	0.604674392643775	0.641068062328678	0.650701449221332	0.573545045419289	0.610549688661582	0.606063700695067	0.608650190359856	0.61943909846	0.626285974897906
S8	0.568842753923235	0.667582608021431	0.56440453502816	0.627590635165847	0.60121554210745	0.579977705418677	0.607529900194711	0.585263941435055	0.578137816491067	0	0.668553047585225	0.630386025165372	0.641160925989331	0.599489168472649	0.633130531305225	0.637693126966709	0.615123268574689	0.66890240253915	0.644191242908448	0.587641175851014	0.607649611786906	0.637426621304812	0.629799027434021	0.616867799942194	0.654225939520273	0.647391380694369	0.665212490041294	0.610928975543428	0.616693965672053	0.643013994478698	0.618676144376639	0.615757502839712	0.610683211263194	0.60797028841796	0.635718029639128	0.611231384947231	0.637827024014969	0.581041275871636	0.605661630721303	0.615146141076416	0.593439014450789	0.61197917771718	0.594315008179733	0.581512946161623	0.595295081942578	0.576700115041248	0.588451971847113	0.603149528165087	0.628902771311155	0.635338787663958	0.589382167843875	0.612338440132109	0.619826930434086	0.602784090498967	0.617625244545663	0.624697318571031
S84	0.661786648148585	0.581360960295844	0.673387900916952	0.615870313404154	0.667375019722152	0.649493599726289	0.628465372382818	0.672189694677736	0.675506403330054	0.668553047585225	0	0.610144995173423	0.602595605669943	0.660849509294782	0.614439239936532	0.653400807089742	0.64643352364761	0.561361177302404	0.61221226661148	0.632023967748928	0.694533833156203	0.630408240354799	0.627850153098169	0.629916430280741	0.595243240291532	0.613866470997237	0.578343410873955	0.627614956702361	0.652388824507339	0.637985946659877	0.618045532608432	0.641285230387515	0.679835492863203	0.635282527074034	0.589685716327236	0.659368661166308	0.64899353012212	0.663444546821188	0.641289946112351	0.656943349024225	0.651660167245596	0.652410850606416	0.673657404400203	0.662440978226368	0.630152666396799	0.662810765577732	0.674363742331415	0.6524983512339	0.628297280610997	0.63119712832981	0.633673209787603	0.659559423493201	0.644808478439266	0.659041791265814	0.637275201558623	0.643127012334341
S28	0.60623244899315	0.614868498876071	0.62690871660905	0.593854170714434	0.636386952320579	0.621790001994109	0.611883584382272	0.617655041768402	0.637089122516777	0.630386025165372	0.610144995173423	0	0.59044510524675	0.63080645586004	0.601468042903498	0.617248793142248	0.596915337066794	0.601292282701542	0.615394995064549	0.597751626464735	0.655950322084663	0.604989240657466	0.602382681978271	0.599186329219877	0.613480046815111	0.595582418929	0.607896829568089	0.610671601764741	0.615168970772714	0.614535344675901	0.614923286666512	0.624431941810758	0.648803175428881	0.597573807014666	0.623745761751072	0.62603386413824	0.638542353544008	0.620515011648324	0.616847098173426	0.613234812497653	0.591789768632174	0.620196270328989	0.636803997898573	0.610846270361844	0.602755315414513	0.610704626555747	0.63952759241522	0.632156622540891	0.594646800674787	0.612953876570343	0.614980040489471	0.642435281351965	0.623188118607989	0.629652025968655	0.61099449129482	0.616245598235966
S76	0.628453773267802	0.590930641763243	0.629061298250513	0.583612790514068	0.629673923291525	0.61376897132136	0.591632900703023	0.62539467259558	0.638822245327746	0.641160925989331	0.602595605669943	0.59044510524675	0	0.633353400201094	0.598468026219956	0.614477112464817	0.587313413755469	0.574114973515003	0.615567790163976	0.608973365781293	0.644419463517677	0.614648292184653	0.610559370345054	0.606773577860624	0.598105549380607	0.602377629064914	0.601117333575769	0.608452190728076	0.62609084809194	0.601774095668284	0.613135560066796	0.600837192222876	0.651731526808327	0.620521235289131	0.6144068210546	0.624901886995659	0.625464016673949	0.636489709894415	0.609859681425499	0.608195683669575	0.605915031202284	0.610713761815421	0.644222371826786	0.629327210048789	0.60792990329005	0.61808382438032	0.633706254153317	0.625784286796385	0.613683334792621	0.623854017341087	0.599693343124688	0.639955216650879	0.615137166037962	0.632717527587513	0.617307941482716	0.605513572053468
S31	0.592489846555157	0.670611622461151	0.586757366157341	0.597081969487361	0.614001335889558	0.597589390113718	0.592501341733953	0.583267046293203	0.617059926171204	0.599489168472649	0.660849509294782	0.63080645586004	0.633353400201094	0	0.600691009001267	0.620980868488821	0.605325923354411	0.6703612597416	0.636667930054622	0.608168580016004	0.62131853957263	0.600391493743621	0.614430504748186	0.614549165537954	0.651361258821536	0.628101248810239	0.657470823087026	0.612986938227231	0.61809950919578	0.622577329382695	0.601489624914146	0.580437680031557	0.59745349193466	0.601157573343953	0.652740646475572	0.573632285105295	0.654410990113904	0.60283018221287	0.580097384063221	0.618689452554647	0.613273228695672	0.609822849094254	0.631919027355673	0.605674723006728	0.617436854371326	0.604641468308946	0.572946261653613	0.580556975587517	0.617305908630473	0.603917070012889	0.60946616731743	0.589988151696877	0.61388179433836	0.567252140386765	0.617501001679257	0.61639573442714
S69	0.611572032601607	0.625939353520682	0.625950496844194	0.589119480079953	0.624849617034555	0.618238881790851	0.578940343374202	0.627592209454705	0.641025428409694	0.633130531305225	0.614439239936532	0.601468042903498	0.598468026219956	0.600691009001267	0	0.617085828764163	0.60250642205783	0.609515492287023	0.601994394147304	0.607177294965746	0.657066365024395	0.591053484238634	0.567738957750647	0.609216631353109	0.610128023242015	0.609713334739704	0.608987133822693	0.604429248594696	0.626431636206371	0.605718759078943	0.615818940099161	0.593758566545471	0.62853931695714	0.602415613119359	0.62995444574808	0.618249006404237	0.624228668520649	0.634001353341399	0.572458635278594	0.622140423019343	0.615583024349217	0.619005520997256	0.65604372062922	0.623834477783095	0.616262919526893	0.619421383324503	0.610647831178811	0.60081922442655	0.603380142444231	0.596434693906253	0.618414100807768	0.613179116272697	0.625973053696779	0.598936676931293	0.617121134610272	0.607507108712927
S94	0.623696748626027	0.649907545470276	0.615254558603759	0.59931857527627	0.594107677664943	0.602432874837224	0.622810429989011	0.605316829062231	0.617257488280323	0.637693126966709	0.653400807089742	0.617248793142248	0.614477112464817	0.620980868488821	0.617085828764163	0	0.607929359921604	0.650088356465876	0.617113066259248	0.62358251454842	0.61246103559964	0.612777088453645	0.607143443287367	0.597552216222866	0.596851923797966	0.62434629620042	0.632394730647966	0.601493194778649	0.585968394741909	0.602058743690023	0.596563823646984	0.59068380091735	0.620036954934224	0.603102910915101	0.635291683754668	0.576200096063432	0.621567610782002	0.602875422478159	0.607265119871209	0.602538616951028	0.607952046833618	0.61645137055054	0.636962170866776	0.596830873774016	0.61416134313807	0.603433515571166	0.61296576837344	0.589158579524089	0.609020190470884	0.614718080906486	0.598392243489553	0.615468395973456	0.579937978983835	0.605100238523235	0.609751499384131	0.585327191379824
S75	0.605009144659773	0.642655042791732	0.599656730680524	0.579571833132391	0.620699945295464	0.596048391959221	0.580765687185676	0.591624708450683	0.630765000758408	0.615123268574689	0.64643352364761	0.596915337066794	0.587313413755469	0.605325923354411	0.60250642205783	0.607929359921604	0	0.637308188468644	0.628035206115028	0.592647101795682	0.626298266181811	0.612544289665803	0.593629338212528	0.587816398623764	0.624217067098126	0.612390565612357	0.638064814184083	0.59257533287016	0.612685220496528	0.592106768061779	0.601057379290368	0.59819333202733	0.631018678704286	0.604426957070765	0.645601828010547	0.597856234774395	0.6527012285398	0.611532522104108	0.604550141683997	0.600529582432693	0.596363961144688	0.617798623730367	0.641042344921895	0.619553709955589	0.613328663590764	0.592097996862154	0.601033161332323	0.596429839755198	0.593985081377788	0.610482073747126	0.599773935986037	0.624281480778707	0.613797396862886	0.611325672971669	0.58739119656967	0.595403298556014
S77	0.654969013757194	0.571219290659668	0.675378441849087	0.612127150928686	0.660783268426663	0.654174143473015	0.612484805979803	0.668143461333804	0.672669996445241	0.66890240253915	0.561361177302404	0.601292282701542	0.574114973515003	0.6703612597416	0.609515492287023	0.650088356465876	0.637308188468644	0	0.625118620320597	0.627611319790594	0.68842263534621	0.617571334837343	0.627518397402707	0.626168834401084	0.597791451840473	0.6096254862404	0.599208145382197	0.628112270280623	0.660689271082552	0.638933575551687	0.648351883178215	0.643951202788096	0.677105435713303	0.633475021868826	0.607659994596912	0.665688902605621	0.642637676609366	0.66710041679504	0.64601450725486	0.644491787971417	0.641307948559764	0.641495938879298	0.664358262129593	0.663593193838987	0.626028068564813	0.654372442980825	0.676967650616409	0.653836314548108	0.624672209690609	0.628303386514173	0.639413159848382	0.659445915355758	0.646413118167818	0.654046923988952	0.648286641464849	0.638249708883534
S57	0.635459743014162	0.622379635525895	0.646987424232116	0.60564868195762	0.636019816114889	0.631491239447748	0.634815773979234	0.63314570019998	0.646612921909631	0.644191242908448	0.61221226661148	0.615394995064549	0.615567790163976	0.636667930054622	0.601994394147304	0.617113066259248	0.628035206115028	0.625118620320597	0	0.61405334005989	0.67605609182075	0.605235233205785	0.578118300887075	0.609758520047056	0.595950241099507	0.587657058986327	0.593626009217222	0.555397909589387	0.638345251950851	0.602520704040652	0.602978532071158	0.607298195746667	0.648812288403717	0.614360526187769	0.612570299079935	0.625671709186003	0.643132263194524	0.633946283201644	0.608064600046874	0.619068362206736	0.626573497639755	0.624916876749505	0.659729258298894	0.628399601103525	0.594749140185634	0.617466025913572	0.63769220819055	0.6248559630389	0.582617339257282	0.621817034807794	0.62797425335541	0.623368354841056	0.643592519935567	0.641795893602557	0.619501299677251	0.589716594561724
S11	0.575857116685138	0.634502174117054	0.587662452557826	0.604345721518515	0.601449363925846	0.607022095586439	0.605920298848583	0.587015558371571	0.610553619974475	0.587641175851014	0.632023967748928	0.597751626464735	0.608973365781293	0.608168580016004	0.607177294965746	0.62358251454842	0.592647101795682	0.627611319790594	0.61405334005989	0	0.629066882813843	0.603257538768514	0.597902432214847	0.600927241600608	0.634172043043406	0.589625001771645	0.631964947565193	0.578267890756401	0.612350361911444	0.616769180246346	0.60477138509268	0.604044308579811	0.618418514466857	0.587248110203349	0.625481890512277	0.606496859501715	0.63089052776454	0.605223229008235	0.597274939087875	0.587486425455144	0.575341777049193	0.589135881356543	0.612453244917313	0.596724294063663	0.576600541890338	0.571514115022929	0.59889824812742	0.605995583665366	0.600995214211372	0.616945613054284	0.607555639404013	0.605094326203755	0.621201714635962	0.616374617459471	0.598589956653149	0.600055784730742
S96	0.623600618665634	0.699914940631092	0.596033855576161	0.641363910715614	0.608263823356316	0.609080426066102	0.639790344915603	0.603474422743955	0.585149685356021	0.607649611786906	0.694533833156203	0.655950322084663	0.644419463517677	0.62131853957263	0.657066365024395	0.61246103559964	0.626298266181811	0.68842263534621	0.67605609182075	0.629066882813843	0	0.66313302379766	0.65066945615581	0.63848310552693	0.633206022689485	0.658374509600789	0.700742368610551	0.637325769844061	0.588303098314617	0.646736100969436	0.633579798173449	0.633579287745502	0.629080863509223	0.626376822208621	0.675196143574167	0.603508448606442	0.640799462265726	0.615850309897193	0.641497385100445	0.624946042397847	0.614291627807394	0.627089476658265	0.613667102184076	0.608600679447539	0.64171477237169	0.607746806430462	0.610288981078763	0.622576797826881	0.64667988035196	0.668521013041011	0.596338023839545	0.632143077832328	0.59286775621339	0.617573077640493	0.622203039130006	0.614442631582509
S47	0.615900420409362	0.626634251755808	0.633819439876371	0.600798699788816	0.626123292702026	0.618930283794568	0.597137090884942	0.623471217515149	0.643062386940009	0.637426621304812	0.630408240354799	0.604989240657466	0.614648292184653	0.600391493743621	0.591053484238634	0.612777088453645	0.612544289665803	0.617571334837343	0.605235233205785	0.603257538768514	0.66313302379766	0	0.600913749322488	0.593607763785018	0.619232804605645	0.603792160823185	0.606151344046531	0.596446590400453	0.630056884471248	0.610454490747645	0.610792231210547	0.571739270067417	0.618480028003505	0.599357885652719	0.621115631624615	0.604481672553043	0.648164797538824	0.624097681387142	0.584828942043272	0.630724415761314	0.625524549777739	0.611320654797211	0.657233270644564	0.618772435572966	0.611163711137256	0.630814040404528	0.604797564057597	0.576604025919429	0.58929843337932	0.529340293971052	0.629321168786834	0.607962575105711	0.622129821632465	0.60646229961399	0.611083228744448	0.616543367945509
S68	0.607753078512313	0.633314801405843	0.629487165826993	0.59819757796107	0.612385727654839	0.629719009853832	0.609225773147788	0.617317164801247	0.643090762425213	0.629799027434021	0.627850153098169	0.602382681978271	0.610559370345054	0.614430504748186	0.567738957750647	0.607143443287367	0.593629338212528	0.627518397402707	0.578118300887075	0.597902432214847	0.65066945615581	0.600913749322488	0	0.596889025087562	0.607353134114945	0.582043396661205	0.617460784854832	0.582902495507432	0.623567311413638	0.60110744779908	0.598729828267247	0.608303363050557	0.637602238623385	0.595855835044626	0.633718944751882	0.60289906059323	0.64021737080347	0.634170770238642	0.595292129072149	0.603690011182316	0.607324306549622	0.605037158146904	0.651918723775692	0.61791040123968	0.603372905913556	0.613889559532773	0.617639816223814	0.606267314270818	0.58351715495872	0.606247318757074	0.61893161849935	0.617235543254927	0.624433647753227	0.623693586499335	0.613467972676899	0.59128121507708
S40	0.609292310591842	0.62901817196282	0.61902627106963	0.594598801456107	0.620691451671075	0.602228857548449	0.607755394216935	0.606749508924083	0.634450173581999	0.616867799942194	0.629916430280741	0.599186329219877	0.606773577860624	0.614549165537954	0.609216631353109	0.597552216222866	0.587816398623764	0.626168834401084	0.609758520047056	0.600927241600608	0.63848310552693	0.593607763785018	0.596889025087562	0	0.603576489709645	0.606490161960688	0.601387964830097	0.602537438775734	0.611959735398221	0.599092638836704	0.581855468505779	0.597876397121279	0.633240648244969	0.603968237822683	0.619737140561277	0.592724712028811	0.634798642038198	0.624472985368939	0.606192374114847	0.600224829891902	0.607785358174293	0.60148240932533	0.639828544854358	0.616951610726283	0.611102258023556	0.603916781319999	0.615116546828123	0.595822226385193	0.56555813346934	0.597065655033854	0.598435766520712	0.626643913782853	0.600738983447385	0.613407887252041	0.573439925239819	0.601851900039282
S97	0.648332656412468	0.593481962220928	0.652470580450632	0.604983403861842	0.635661769945824	0.615051317574456	0.624546164590919	0.640678318513896	0.643180781210391	0.654225939520273	0.595243240291532	0.613480046815111	0.598105549380607	0.651361258821536	0.610128023242015	0.596851923797966	0.624217067098126	0.597791451840473	0.595950241099507	0.634172043043406	0.633206022689485	0.619232804605645	0.607353134114945	0.603576489709645	0	0.614907043140254	0.59075063148284	0.606280299549984	0.596037817770007	0.612997360668772	0.611006712924964	0.613574413499439	0.656549421893764	0.620548597522196	0.599801383442761	0.618595376799516	0.625973144978344	0.640676259295738	0.623244497809353	0.625780069163292	0.618483708836991	0.635430666760948	0.663248495824479	0.635882807677189	0.618511233842437	0.633656072295366	0.64608014065199	0.62371440640353	0.612234140055428	0.620959012357644	0.607161609631864	0.646285547749589	0.595033755783035	0.647165698138872	0.616272261832465	0.598581426777545
S80	0.627492767958821	0.624238389221747	0.64385675737407	0.586296798754112	0.645809450465808	0.638735145059293	0.616803427274058	0.631142109673423	0.663318620717306	0.647391380694369	0.613866470997237	0.595582418929	0.602377629064914	0.628101248810239	0.609713334739704	0.62434629620042	0.612390565612357	0.6096254862404	0.587657058986327	0.589625001771645	0.658374509600789	0.603792160823185	0.582043396661205	0.606490161960688	0.614907043140254	0	0.617419149483405	0.588209241627992	0.641184585746244	0.60252196456161	0.61146561263027	0.625447294469668	0.660902828099997	0.612724307695107	0.638508542766877	0.61540751200312	0.663768409240464	0.653175866908508	0.617806776826645	0.597609654351489	0.611469483978776	0.618371335683338	0.661077763006401	0.634483164708456	0.615067267070619	0.630952998691245	0.642568552855896	0.63765215421099	0.581805685437274	0.615110993302396	0.63876115616228	0.646790939804322	0.643518598021156	0.638066573673237	0.606505543578259	0.602516195370511
S37	0.650567293688044	0.58174964585997	0.674093896912183	0.60734135995305	0.667633160242157	0.637230737447875	0.625530787490012	0.663755191818444	0.662656279931929	0.665212490041294	0.578343410873955	0.607896829568089	0.601117333575769	0.657470823087026	0.608987133822693	0.632394730647966	0.638064814184083	0.599208145382197	0.593626009217222	0.631964947565193	0.700742368610551	0.606151344046531	0.617460784854832	0.601387964830097	0.59075063148284	0.617419149483405	0	0.622850698712635	0.64677869339129	0.635116217453892	0.604827487679972	0.612976150402011	0.662335371125429	0.631746784908549	0.576483030675468	0.645961717355554	0.645573981715698	0.646834422455077	0.6251828886668	0.652423528683954	0.64787837938859	0.647421951243511	0.681153110864139	0.646144136981743	0.629880883432288	0.649191477504437	0.666485206423832	0.63432722623781	0.601467893100899	0.615765978751871	0.622445461129562	0.657434643153413	0.646939976508303	0.659671844656307	0.620078026903356	0.642736941082758
S58	0.602893883122044	0.631658792718454	0.610488102031922	0.593828928664903	0.600238558174888	0.607123518492569	0.611311360477201	0.601218520910323	0.618678870875973	0.610928975543428	0.627614956702361	0.610671601764741	0.608452190728076	0.612986938227231	0.604429248594696	0.601493194778649	0.59257533287016	0.628112270280623	0.555397909589387	0.578267890756401	0.637325769844061	0.596446590400453	0.582902495507432	0.602537438775734	0.606280299549984	0.588209241627992	0.622850698712635	0	0.613674625052211	0.577638133736316	0.593840812975999	0.58549490465588	0.619143314835099	0.595776924262376	0.616551291019535	0.596813803161546	0.62486095898716	0.60896476259185	0.59216482998274	0.606509651025535	0.60421113559871	0.604857340614493	0.626599425140172	0.590222487137685	0.576263773715955	0.599311705252296	0.601393061065651	0.590127461270199	0.596306556955453	0.606374374748832	0.604975276128271	0.600084498551088	0.61129999990325	0.608257019346788	0.589938513244949	0.560243940582219
S98	0.611518834687797	0.654026526313737	0.607245808626177	0.616617164422071	0.596207630826635	0.587758776856699	0.619738228655468	0.602986608036748	0.601555468159684	0.616693965672053	0.652388824507339	0.615168970772714	0.62609084809194	0.61809950919578	0.626431636206371	0.585968394741909	0.612685220496528	0.660689271082552	0.638345251950851	0.612350361911444	0.588303098314617	0.630056884471248	0.623567311413638	0.611959735398221	0.596037817770007	0.641184585746244	0.64677869339129	0.613674625052211	0	0.61915106312855	0.61295776750817	0.61356974115283	0.62185170325059	0.606985106772993	0.628321646826371	0.595310916169658	0.625430802070908	0.600274233298813	0.61453379907475	0.621980731437423	0.602535936852956	0.615007424367047	0.624127634309882	0.584518150200601	0.611376956801737	0.600984818778736	0.610608559899125	0.602060622157245	0.623415937565989	0.627357418675298	0.587581503937736	0.626115575580031	0.565267162891723	0.620727964474657	0.610464460678002	0.608622113004053
S63	0.621851221476137	0.643269055890326	0.625008490280984	0.598906857561171	0.626785368313143	0.614584885733465	0.615892446763753	0.617024427552215	0.651018475437739	0.643013994478698	0.637985946659877	0.614535344675901	0.601774095668284	0.622577329382695	0.605718759078943	0.602058743690023	0.592106768061779	0.638933575551687	0.602520704040652	0.616769180246346	0.646736100969436	0.610454490747645	0.60110744779908	0.599092638836704	0.612997360668772	0.60252196456161	0.635116217453892	0.577638133736316	0.61915106312855	0	0.602094480157697	0.600614898095156	0.643555974883808	0.60250415260047	0.653144485136851	0.599006306634695	0.648629130340676	0.636119952897432	0.621508798608332	0.613339937278794	0.62256288373205	0.617842357811125	0.650030736240759	0.629897089282989	0.636783713238699	0.621544151201556	0.622401107033988	0.6037667537933	0.596434351537342	0.617933970518274	0.616598804106011	0.623602443000961	0.61461179990288	0.619546256477139	0.608440941651251	0.568857179973547
S36	0.607667019862303	0.642374685760581	0.611860227973905	0.582364371719212	0.604431226307912	0.597958494512853	0.608691507561206	0.607904820527118	0.62224726753779	0.618676144376639	0.618045532608432	0.614923286666512	0.613135560066796	0.601489624914146	0.615818940099161	0.596563823646984	0.601057379290368	0.648351883178215	0.602978532071158	0.60477138509268	0.633579798173449	0.610792231210547	0.598729828267247	0.581855468505779	0.611006712924964	0.61146561263027	0.604827487679972	0.593840812975999	0.61295776750817	0.602094480157697	0	0.591364577107781	0.621952661942695	0.597105484495345	0.616367646377131	0.596290617223929	0.638517462434928	0.61528752000736	0.604293767687009	0.607857724729662	0.610745239101574	0.607633662250003	0.639857383815458	0.614193573945099	0.609850935038113	0.605322894157522	0.607232942541405	0.593979321963578	0.587182682808363	0.615464902327765	0.596664104473841	0.615809115031462	0.604218493908002	0.604708113400035	0.568216738138707	0.602613616573779
S45	0.60078546810723	0.641506685807869	0.604247514389237	0.587836401841672	0.594128265614437	0.587890041631415	0.590814988472628	0.597729626492016	0.611752245296357	0.615757502839712	0.641285230387515	0.624431941810758	0.600837192222876	0.580437680031557	0.593758566545471	0.59068380091735	0.59819333202733	0.643951202788096	0.607298195746667	0.604044308579811	0.633579287745502	0.571739270067417	0.608303363050557	0.597876397121279	0.613574413499439	0.625447294469668	0.612976150402011	0.58549490465588	0.61356974115283	0.600614898095156	0.591364577107781	0	0.591480179543994	0.602648862019797	0.623464017382196	0.57828854616683	0.628838276456436	0.609743315406476	0.57564460584879	0.618520336394337	0.606522219725136	0.609534372400292	0.634041853013195	0.594473414726172	0.602884117321139	0.600206907313675	0.581810493280405	0.566246232900271	0.605028982884378	0.579588414592781	0.595600620253305	0.601286568029423	0.596004511741705	0.593085711837238	0.604030088980653	0.604412786400905
S2	0.606119937888362	0.672697859952419	0.60328776413369	0.633573845413485	0.610535339487472	0.614941596342207	0.623469147302768	0.604510599873395	0.607131946917011	0.610683211263194	0.679835492863203	0.648803175428881	0.651731526808327	0.59745349193466	0.62853931695714	0.620036954934224	0.631018678704286	0.677105435713303	0.648812288403717	0.618418514466857	0.629080863509223	0.618480028003505	0.637602238623385	0.633240648244969	0.656549421893764	0.660902828099997	0.662335371125429	0.619143314835099	0.62185170325059	0.643555974883808	0.621952661942695	0.591480179543994	0	0.616643088448299	0.649223955716367	0.604791999261566	0.646566306903674	0.614127821331902	0.602420933872177	0.633495937044662	0.631200900669445	0.613531234426633	0.613874222110948	0.604235143903662	0.610366338616626	0.613633628116665	0.590354455702942	0.581581131037337	0.64214930192798	0.621082200043844	0.618367922197282	0.559597187638623	0.622076653880948	0.596438897821988	0.636829417949403	0.632343799940762
S15	0.587330703870943	0.64609724074169	0.598881679102172	0.598793414878142	0.60455365830854	0.601595380476353	0.613872363812065	0.607359775573372	0.605993011305976	0.60797028841796	0.635282527074034	0.597573807014666	0.620521235289131	0.601157573343953	0.602415613119359	0.603102910915101	0.604426957070765	0.633475021868826	0.614360526187769	0.587248110203349	0.626376822208621	0.599357885652719	0.595855835044626	0.603968237822683	0.620548597522196	0.612724307695107	0.631746784908549	0.595776924262376	0.606985106772993	0.60250415260047	0.597105484495345	0.602648862019797	0.616643088448299	0	0.630399333876406	0.589858153402688	0.618127406498298	0.599891862490889	0.601679632387648	0.59655563189002	0.596020944360644	0.587819607094102	0.620262203221434	0.601388801312347	0.590007129371051	0.593303175342267	0.603780957172202	0.600613109977236	0.611482733534556	0.607249663464785	0.601654438905268	0.608971835439999	0.602732650418405	0.593380460891078	0.603416721124833	0.600259506794098
S88	0.636326784632401	0.5967205830842	0.648341266909179	0.62780562506327	0.645697063915971	0.611172965517396	0.621013510088434	0.651501307579049	0.627828771357771	0.635718029639128	0.589685716327236	0.623745761751072	0.6144068210546	0.652740646475572	0.62995444574808	0.635291683754668	0.645601828010547	0.607659994596912	0.612570299079935	0.625481890512277	0.675196143574167	0.621115631624615	0.633718944751882	0.619737140561277	0.599801383442761	0.638508542766877	0.576483030675468	0.616551291019535	0.628321646826371	0.653144485136851	0.616367646377131	0.623464017382196	0.649223955716367	0.630399333876406	0	0.645165155118979	0.625156876482012	0.622661273112274	0.61552507592124	0.657383450302644	0.633228932325611	0.641594035857583	0.653259863932924	0.63199253409872	0.602505994111115	0.640963409920318	0.642865290367234	0.624349685475115	0.631181355636697	0.634763206973521	0.596835952209735	0.642216503890378	0.63368092120464	0.657612863249022	0.631595270260789	0.652554823266147
S32	0.603015099126689	0.656540096143084	0.60445661774939	0.594498222673799	0.591709253046564	0.601758621908641	0.610156008228422	0.590529731867764	0.606304544337269	0.611231384947231	0.659368661166308	0.62603386413824	0.624901886995659	0.573632285105295	0.618249006404237	0.576200096063432	0.597856234774395	0.665688902605621	0.625671709186003	0.606496859501715	0.603508448606442	0.604481672553043	0.60289906059323	0.592724712028811	0.618595376799516	0.61540751200312	0.645961717355554	0.596813803161546	0.595310916169658	0.599006306634695	0.596290617223929	0.57828854616683	0.604791999261566	0.589858153402688	0.645165155118979	0	0.621561720421307	0.593822789144149	0.603280376712029	0.600996859459139	0.611688878608423	0.596463689937067	0.615919729989959	0.599270868869858	0.606101288582178	0.588591034504158	0.586400690047875	0.582360361870399	0.610868016865663	0.607025670550112	0.600745059362137	0.599123871003492	0.582362078206807	0.577811698031363	0.599308508634784	0.590516866247094
S21	0.633511850768372	0.625033436851734	0.63122054765338	0.645641038746336	0.593611421071269	0.639525520151483	0.638788464070571	0.637302917023407	0.613976045704311	0.637827024014969	0.64899353012212	0.638542353544008	0.625464016673949	0.654410990113904	0.624228668520649	0.621567610782002	0.6527012285398	0.642637676609366	0.643132263194524	0.63089052776454	0.640799462265726	0.648164797538824	0.64021737080347	0.634798642038198	0.625973144978344	0.663768409240464	0.645573981715698	0.62486095898716	0.625430802070908	0.648629130340676	0.638517462434928	0.628838276456436	0.646566306903674	0.618127406498298	0.625156876482012	0.621561720421307	0	0.62731551040571	0.626877165523091	0.61823072432619	0.618794187174139	0.601916588378292	0.622139030146328	0.625747093429368	0.610754446031983	0.616026969043088	0.633443753063483	0.623761570796276	0.65409828994173	0.658135124803476	0.613507928720772	0.62247452393574	0.60896312444125	0.63627145226721	0.637338596591054	0.615499636829195
S55	0.591303679274333	0.65644917148795	0.586257874654856	0.621119253397904	0.591779295660335	0.581765733741354	0.616627193743611	0.591964888619942	0.557754096210667	0.581041275871636	0.663444546821188	0.620515011648324	0.636489709894415	0.60283018221287	0.634001353341399	0.602875422478159	0.611532522104108	0.66710041679504	0.633946283201644	0.605223229008235	0.615850309897193	0.624097681387142	0.634170770238642	0.624472985368939	0.640676259295738	0.653175866908508	0.646834422455077	0.60896476259185	0.600274233298813	0.636119952897432	0.61528752000736	0.609743315406476	0.614127821331902	0.599891862490889	0.622661273112274	0.593822789144149	0.62731551040571	0	0.596973026166667	0.617219978644965	0.601963026544099	0.612804213450025	0.594003431266491	0.563631459815852	0.579914673107694	0.591396304934344	0.588526499292664	0.599818989809703	0.620557227707991	0.63748864402405	0.587493508933688	0.606723971332474	0.600393207284974	0.603879124141235	0.618689212233404	0.618139104855431
S70	0.589712836823846	0.635102690746176	0.60091477852706	0.59049478672089	0.59485945114595	0.598046849102209	0.589981793728256	0.60242471949279	0.609421944062577	0.605661630721303	0.641289946112351	0.616847098173426	0.609859681425499	0.580097384063221	0.572458635278594	0.607265119871209	0.604550141683997	0.64601450725486	0.608064600046874	0.597274939087875	0.641497385100445	0.584828942043272	0.595292129072149	0.606192374114847	0.623244497809353	0.617806776826645	0.6251828886668	0.59216482998274	0.61453379907475	0.621508798608332	0.604293767687009	0.57564460584879	0.602420933872177	0.601679632387648	0.61552507592124	0.603280376712029	0.626877165523091	0.596973026166667	0	0.621911772449366	0.603665985514941	0.599015862491624	0.629333703103296	0.587465416129355	0.594178555013216	0.606723749026771	0.570029218598523	0.57879484592799	0.614032044995116	0.584575716312481	0.605123308117758	0.593287104216339	0.615363789369796	0.582907113257589	0.607624256912625	0.606806509023218
S19	0.600193058641769	0.644928379196621	0.612087435711192	0.605949487557198	0.600122816099326	0.62155001264383	0.625740078621995	0.591026940763548	0.628964948837672	0.615146141076416	0.656943349024225	0.613234812497653	0.608195683669575	0.618689452554647	0.622140423019343	0.602538616951028	0.600529582432693	0.644491787971417	0.619068362206736	0.587486425455144	0.624946042397847	0.630724415761314	0.603690011182316	0.600224829891902	0.625780069163292	0.597609654351489	0.652423528683954	0.606509651025535	0.621980731437423	0.613339937278794	0.607857724729662	0.618520336394337	0.633495937044662	0.59655563189002	0.657383450302644	0.600996859459139	0.61823072432619	0.617219978644965	0.621911772449366	0	0.577721103720862	0.580903713090245	0.629789404709105	0.613260830493021	0.598913586817222	0.583095356554372	0.616252562725214	0.620763731389937	0.598205584861763	0.633943286065944	0.623835554852305	0.613900120989444	0.626743229864792	0.616813997708757	0.596116018002283	0.592168171128281
